6146
6135
55629
2810
22826
93974
4725
6202
7388
4116
7398
80135
9403
6125
22823
30836
1435
10768
515
9869
8394
6232
10456
55870
7818
6746
962
51506
654790
54499
27101
63931
25936
6726
9804
6201
130502
51639
84661
10153
64225
9167
6233
6637
9168
4144
8673
23505
6160
1622
905
55854
54529
1933
6168
5757
6161
27258
6138
9852
3921
9045
51188
5859
7873
6159
54106
54931
57092
6152
55081
51300
54554
8723
27230
55892
5504
10188
6165
114932
55330
6133
54951
6164
58505
6189
55602
2483
10923
6167
3001
891
10412
6228
7518
1350
831
25816
6643
51808
3094
27089
819
6208
NA
4869
64324
10399
7913
8350
8366
3006
8364
3008
8367
3007
8361
8354
8368
50854
1388
6222
4736
6428
401258
1915
1347
51389
6206
83443
387263
5689
80028
4697
54664
729920
54543
11335
64983
5478
51142
51119
57001
9512
5701
4189
26157
23484
114926
6224
23471
6129
54968
7381
6156
5440
3646
84955
9166
8667
6132
65265
90871
6194
55958
84186
301
7743
9550
11224
6136
6130
8721
509
80013
79896
7019
118487
6229
55662
6181
63875
8665
6157
58486
10944
6207
26273
10658
4722
85329
51504
2197
11007
143570
6188
5612
79101
54851
51503
6230
3312
11331
55729
121504
85437
1975
5204
6171
79035
4666
7334
6128
6175
84274
10959
78988
6144
2971
3146
89890
7178
283518
170622
55082
55608
328
6235
6166
23588
81542
51637
5706
55745
376267
84193
3320
1983
9556
89978
6727
23741
2553
51187
NA
53944
6124
6176
10066
5685
6218
374659
4350
6187
18
6210
4706
1327
6137
29928
23125
708
84316
56985
9611
6147
3980
9349
6143
84313
6155
51264
6169
6613
51529
6209
26517
4782
25873
84266
6234
59286
28974
4713
6142
7386
27335
6217
2091
6223
6633
29997
6141
23521
6205
6203
388564
6158
6193
29058
5111
8195
51126
191
140823
22839
112858
8813
6874
6227
6782
54149
3150
7290
85359
23753
150275
8664
6122
23112
84844
4700
25771
293
54539
5935
10084
3476
6191
51616
9452
6170
6748
6134
7411
